41
0 344
3951 28809 53602 53941 45358 48814 11007 80118 28604 15755 35444 87833 25170 1177 62860 65211 27615 35319 84835 59278 42434 89805 70381 81264 86920 60041 20380 71381 54810 5683 84637 72715 94267 4731 6973 65856 86242 77669 89610 11917 3313 34608 46257 30475 91648 17983 39752 99650 80160 34505 18369 75458 84991 54534 65316 83832 35983 3342 95567 34541 38494 20438 67555 99630 96897 93817 79283 28322 8024 45572 71846 42800 83261 99567 48946 19369 59126 29655 14769 10284 52090 59703 54633 6093 96284 20886 85982 40455 86227 8930 52050 52583 71589 13782 21671 37925 35512 6600 80909 88953 1734 62436 45680 2500 93078 64658 37116 74985 93968 41060 74784 37567 35661 87332 41289 693 77763 38069 67516 23954 42126 9027 89917 50317 93442 30262 73467 42332 50872 6580 44616 32366 69055 7292 42557 50047 85336 12286 23462 5610 42234 92963 97495 986 26528 71630 38677 31633 22510 7180 39635 76197 81797 36490 50625 13975 12749 55326 86342 89497 30407 52906 63263 22580 51722 39496 4290 34373 72752 82252 14100 2885 56286 24972 35197 40929 4476 38183 80354 12261 28683 18709 62989 8602 44402 50592 83834 76166 43162 45410 80191 32237 8351 7072 43658 56984 39973 27656 44167 92380 25592 38880 40061 386 3066 67463 29026 19265 29259 63214 74214 52465 50618 70371 63100 66827 97566 25685 9591 30623 85368 44902 92730 36651 2797 52440 1970 98726 91345 54664 48125 4213 27863 25355 43297 47044 2407 42729 80092 60979 82801 9441 55913 58636 2926 5325 71126 33315 34352 37903 75179 43074 10108 86636 22260 92397 30769 75985 77738 96727 45717 62548 41469 593 47842 67732 73947 2846 18877 23922 50523 38182 74650 96360 80650 74370 39492 53706 73153 83655 26092 83315 94965 18088 7563 17880 32267 37367 29628 56271 4374 6970 11006 9069 17643 84948 61524 86413 8674 4328 89603 80636 71844 85867 90797 85809 41328 85925 35107 96613 71970 85964 98633 32003 49538 60944 73775 22599 41071 27998 46583 27933 7481 79315 81433 91865 4113 50394 65959 49247 77895 39198 78361 31819 79038 24867 58955 9857 64691 64075 37940 31470 31074 12421 
996 394
64635 45546 7703 45258 31676 76443 13755 8456 45724 53602 71149 97963 91730 50817 23071 94633 19295 5280 16102 19491 83202 62556 7589 5487 49761 6112 90722 78192 45774 33988 94278 21047 42530 21200 8262 58148 47138 59896 29213 93102 51200 58250 66033 51812 22326 18402 68897 69664 41670 29552 49959 97915 42085 61805 27010 78346 76858 34859 15127 92464 54757 40798 43542 7394 99730 93733 35829 93884 18103 49710 29674 52135 19314 48102 98002 77094 93005 84598 81478 10632 91819 99120 65885 49977 71491 22653 72655 89714 4390 25093 47293 52556 59541 82332 50692 69546 35794 33023 24782 7660 52294 96114 41023 29555 93497 21591 74386 73323 51613 17582 10618 44426 1173 53516 22383 67143 34603 63934 43946 84340 86374 56110 7783 70570 43105 12710 78256 32731 61314 79989 65604 54500 63838 86079 60379 79609 99262 45957 11093 68114 48052 13197 88385 79330 95724 72047 49738 54651 16874 85318 62279 50612 92018 7099 19653 97284 46336 75190 20307 83339 98678 15637 31976 56337 43996 37313 25433 40012 14841 79254 9232 21149 40259 78466 86267 81629 89534 49790 76505 38675 44291 23160 43730 82588 57427 97970 27623 31795 9642 42317 93880 81075 4064 39353 12978 78980 64212 34939 41360 47264 66554 24588 55458 88285 14568 4649 3206 15486 78235 94575 42827 60127 96271 68028 43782 48946 67175 15909 18032 61930 24264 28960 11866 59243 6320 30683 32097 30736 43568 42334 60483 68875 24285 85982 91189 22435 31165 78766 30833 77300 85714 30754 86981 38627 96183 73326 54102 16395 50374 18690 26735 52329 64230 7419 70877 79303 7909 85670 12502 66832 22002 88262 66795 77280 36870 33484 79516 17540 38245 3536 27861 6836 90753 35611 63895 18776 90838 47617 1530 35348 25560 24044 11096 10897 74915 29740 59334 98071 3038 97359 5559 71384 58575 51867 28607 62855 35266 40856 13775 96826 89500 82912 36481 94493 68677 24950 33410 78878 28856 75447 96406 91596 63213 73289 5406 17274 63570 79048 9475 13625 11458 42728 47231 90443 63681 59154 91455 69652 49282 11044 80969 93215 66986 57312 8764 89378 72626 65544 77279 35218 86129 79363 86274 72404 64048 68211 69642 54793 75293 12584 83390 51240 49219 69729 20722 73745 69923 19013 36708 81083 7868 33139 37754 94324 67089 39001 81107 3579 74219 65183 88648 50531 1228 94513 20115 59802 72344 56368 4882 85882 93423 42088 18516 33254 1334 56563 48593 48275 59914 59849 77127 17133 46211 90651 
2 42
4967 31577 20417 94531 33458 25309 28336 81648 18725 14231 56751 40238 91892 92753 46105 80121 75008 61729 3694 15822 22850 37448 57618 990 94927 80013 29076 15378 47713 28678 9816 32282 21110 63065 7988 18731 20070 73076 94929 4797 64189 59076 
992 72
2798 45917 60481 60240 68879 49335 57228 77868 74518 20451 92904 10800 21732 37026 16620 77112 82418 40914 17996 64160 17816 47280 31504 74443 13474 83527 30922 95760 11955 359 42470 95794 14530 6811 61604 76197 50342 16902 55655 58279 27808 4103 92259 41386 53178 37439 30148 41952 20375 2864 31237 72006 10512 30101 96533 37232 18375 68081 37044 17947 92378 54269 26063 35879 3275 14763 68876 75613 28937 56117 56857 94459 
987 364
17228 97793 69895 86761 93172 68611 15088 27717 24280 90837 87483 96001 77474 17136 66225 75825 41021 19100 36468 92141 9188 32373 10163 58661 1932 29984 75247 67189 13612 79687 24072 28900 40571 88079 78069 95077 67462 85963 58934 44599 27235 5068 78790 44086 45152 92618 63982 671 48909 55735 7184 4462 89449 37024 62098 32172 99941 16578 29328 39246 32452 36648 7470 26138 14117 40898 90358 98698 73159 14799 81577 32438 29512 15168 20143 48770 23414 1289 58894 10214 25495 60193 92469 91717 56629 7819 54824 63879 56346 76206 85214 42283 81603 58537 12103 52549 95789 36622 54377 14342 67537 28229 31809 64357 24684 39657 86198 87949 22516 66062 21092 77639 66476 30600 43837 3223 93312 71194 17937 45800 97707 3722 20119 87191 60651 83828 70465 82905 41280 9056 82891 33500 9640 77417 48342 57845 68088 24793 13267 62688 27441 89640 43069 80349 66605 80093 40190 86576 17109 25382 49303 31690 2832 96004 85178 9338 18362 16108 71170 95572 74168 56850 75227 42700 308 35529 81343 31459 20554 60629 387 5174 80122 24745 74787 73785 52127 74122 15279 99814 3492 21749 60313 8789 14171 70877 28745 40143 13468 6372 49458 77137 98554 47650 50217 66038 53668 3092 16510 87678 44122 67374 98645 56657 48522 40378 16870 86135 67340 63783 72180 57151 86835 71384 43039 66898 53676 90262 29180 75209 99985 69071 26875 18265 36461 15266 90922 83116 96319 97534 58819 63786 36965 50445 65146 36827 52383 5130 91130 19357 69424 24855 57449 77586 93706 57876 74432 34436 60120 64598 36779 60864 62058 21273 28709 78161 49553 73107 97777 26866 1 16178 95525 66575 38112 95887 72228 70469 85100 70699 19410 54517 8586 96338 53358 76412 16159 44779 1678 47707 1999 44767 21869 88866 37731 87674 91694 56718 2102 25522 52999 7335 79477 92856 22487 29175 68617 56413 97251 13426 20476 32236 51817 44617 34111 54714 83138 68795 16053 32046 32348 34669 54567 97053 71148 63387 68612 84493 46902 19453 44436 65575 65096 59343 71623 1699 17820 87578 62431 165 78893 25991 32143 32524 29332 18943 88446 5186 93042 26612 70091 23812 27215 66643 40484 98444 15585 21536 12726 34175 98458 64013 67386 24899 76768 36724 38284 44593 93048 4006 53871 79023 50535 48191 
986 346
46009 82414 15966 3157 57082 22993 37665 47642 60757 76892 46820 75561 39410 83739 27043 43755 59405 40347 80526 85706 6273 56593 1038 10812 95370 79994 6921 32669 37172 71596 93050 2614 30168 91590 41510 52758 56257 82581 46802 39281 43974 11687 42918 22465 30995 48143 7328 20872 10111 45480 41210 65227 56018 25645 27840 46425 4459 32272 94829 40538 88097 8984 26022 83737 87054 56285 50474 88955 12389 10341 64344 95826 93972 67162 25793 83690 48466 64025 76175 48640 70263 85841 34732 72701 67712 23769 28107 98036 59640 60697 82636 69044 99224 14107 78959 45391 98025 81428 13115 63461 62828 88807 97121 77695 65563 37341 93170 74465 57160 59092 73237 34531 37729 53113 36730 66649 53756 47181 81691 44467 68124 97860 63414 4116 18245 62731 28817 27614 68036 22684 76612 53646 40465 18283 21549 81546 79281 25210 51105 43807 28798 27841 77847 49204 62376 19481 73904 17407 93350 48310 18374 81705 64950 38245 32471 52524 70217 39364 40098 11096 71286 46156 59603 3630 86691 20004 14139 56060 69353 62215 47656 10461 34383 17321 4823 42557 38309 50566 37595 5998 7974 99503 44531 43872 94803 79268 22063 686 7277 99920 80826 56432 94646 93498 27636 34242 29154 80418 95179 5214 37005 8558 53188 39833 17842 49456 69543 24011 35739 45708 475 29721 82515 93093 70661 87060 58936 87194 85469 66040 80563 27808 23419 31153 36199 5670 69978 11789 25620 53844 27684 67083 51729 80236 60137 28526 74953 49389 33642 24203 37562 77857 95709 41437 31958 63295 34325 89403 36337 59588 40789 87743 42863 43707 36831 42657 70482 50638 76845 11724 90663 4926 44002 87254 81760 89001 33202 58507 88678 66859 44800 50924 31537 11286 96475 5027 12376 65999 71550 48418 63363 77828 76041 38608 45661 84299 54457 54026 26293 41619 25180 75016 23291 14424 62131 59616 94848 83746 98050 74991 22953 6277 47041 68808 11413 63406 62544 88498 45100 95008 95824 70298 16006 70240 20790 97281 55719 44574 56118 35966 99128 6888 93065 68463 4983 50055 57885 23768 50786 11426 13728 17333 27003 73385 79175 90215 53634 13714 96096 20759 79161 47891 32820 37328 49598 52971 
985 297
33393 42871 24625 1806 19105 93333 92441 19849 48109 17136 12463 53140 80187 62365 43735 23731 6573 66086 24223 38361 67936 62529 63774 32737 9684 95590 66122 22674 41045 8056 4093 28399 50699 4499 87110 44927 85468 27409 61942 77044 27921 60454 22227 71525 82282 93368 84355 18919 34342 27987 87425 37210 2568 23765 78156 43034 77682 537 93564 57989 58829 13760 46197 12551 16421 72350 94717 94641 89632 43201 50443 36834 81262 68368 82855 29810 12369 36158 37975 90806 4627 96513 6923 65252 86063 21621 69897 35951 6355 2046 71698 45151 98081 1275 11660 6244 82153 21459 37709 93524 70645 74313 90438 25526 25985 17802 35891 96049 84479 418 50765 66510 13747 58214 67570 55782 29905 4329 23489 67031 59682 39167 41138 10058 32876 6122 87411 49853 56264 24405 67771 43040 55523 4723 68918 3207 33553 75760 80483 20755 55116 72735 21108 39856 49081 50122 80125 23617 41785 16301 85536 3317 51154 36379 8021 83860 48004 81635 42505 77545 78292 31772 77707 32115 48584 57956 20057 67690 42890 13087 75700 34721 29733 78418 90815 36031 9830 74226 46880 36049 97748 450 90389 20457 48184 70435 78120 23131 1684 52558 13680 76064 91017 99264 39590 70167 94708 65720 62199 42902 79621 39337 29260 28342 61846 26110 29544 5397 73914 63761 63381 87650 97506 6664 57601 89736 84134 27801 10301 49720 37049 61004 55804 4335 62268 82575 11157 88703 12141 16827 78738 98676 35598 67005 62789 80461 8513 1164 42404 95718 99240 62858 58789 23687 33279 35538 82929 82927 77666 41614 64600 77183 28898 68014 50369 60589 53432 78265 5442 91521 33685 25671 74223 51665 19044 94420 87952 27560 95591 21396 20843 44381 48998 36516 15641 28288 20407 50653 72638 41461 36455 89106 9171 33098 13084 27264 17695 17042 49484 40367 1802 82359 68110 78293 75199 68623 42169 
984 239
94656 33610 84026 26686 52942 22234 59414 36515 26035 21656 25926 51167 53921 49202 62813 42979 2685 51871 86233 44013 19569 89686 35185 62778 40718 30822 60531 33027 17607 54010 54449 23566 65980 9752 53244 75184 3867 45570 58994 87939 28768 46362 7434 11847 34749 10451 40887 22033 75945 29514 68327 79343 90227 32601 32371 66924 54081 12942 73470 41915 97048 14005 32054 56360 66939 18491 32209 57126 46630 92150 59790 95610 75204 16211 55894 73564 64759 95050 99818 14782 74303 20291 26643 8466 22972 56959 42410 28804 15120 11511 25594 36373 27395 20670 93082 83716 39197 70669 35325 48465 834 70764 14955 73670 35240 93242 75378 52101 45083 36454 78779 38759 69409 93592 50431 39964 34711 41627 48729 34159 48723 49511 8788 10581 42098 37369 91775 14481 27974 82395 7217 30630 26449 13929 78670 66287 8410 68907 65708 81923 46433 473 51977 24237 47474 65235 23754 32303 56109 19468 83269 88844 56809 31857 13814 63873 7992 87621 1860 59025 12474 59981 92648 60933 42676 36594 66408 86575 75459 57060 36972 56306 91911 40539 77981 98075 45940 52815 33018 96522 77567 29902 50336 57692 41666 26951 78305 81275 14288 91263 90574 32953 20832 51083 71773 99604 52552 17086 65750 13023 91096 67801 29149 70598 95858 41305 73140 93270 57251 76492 29750 9340 73045 48224 16481 56674 82938 580 20881 88980 13152 5169 84630 3310 54694 95618 66418 35766 77774 4612 54090 58346 35841 68252 15008 33421 74326 95110 44674 
982 306
24998 69895 14740 85408 29589 22981 98420 7746 39157 80962 75939 87038 24138 70459 87297 96263 68135 21429 54792 36140 78154 48709 92449 35996 48486 47951 1605 41062 42703 54253 89843 2704 9407 38576 46658 99553 84434 27615 37342 67169 50330 28213 70503 57091 62014 95822 55938 85211 60485 88823 27471 28722 56548 9522 588 65195 61572 77762 23413 72984 20092 29473 56817 84661 4931 6416 66867 3182 98283 18448 76355 9137 39082 71832 42504 70294 99891 64836 43637 25047 46198 44753 24495 65804 69748 33614 37019 92061 63644 49198 88777 77927 26492 30200 47877 99247 31783 89247 47441 74469 86536 98507 24067 63838 78579 91267 97070 16964 32026 26344 88258 20539 69399 79987 49434 34118 94507 85175 4220 71160 75645 96688 5427 27846 99368 63046 48468 4895 69081 44943 4963 97048 14647 77947 71411 13881 10367 27322 14867 30905 24858 58229 21070 48416 61281 9462 96870 57997 94303 99659 88040 6218 26775 15762 41909 27827 77930 399 54096 98202 84976 21950 92216 47735 96089 81172 84773 58649 88485 625 6035 85191 26796 93957 77681 69551 35095 83709 30782 46429 49857 60871 61271 97184 37327 1239 7223 34345 32841 99076 12277 46359 10912 85687 68756 85384 14216 7285 55417 23382 33593 8382 22065 42603 87199 28724 94290 82522 45159 83442 91001 95756 74893 99814 41426 72911 49359 59867 66910 95779 96055 54884 30376 19197 88691 33913 93718 92748 99674 61779 3459 1491 56756 26891 99726 88346 43282 91444 30535 31287 30629 6438 29412 98280 77103 98701 40317 45810 95013 34066 35352 59233 45885 13916 64506 36344 47830 82567 17342 13919 18849 82034 42294 38169 81198 17080 97165 3305 87095 11298 8651 2682 88699 7533 65016 15099 66429 97391 90699 46659 10643 42031 23288 74702 28027 78314 68988 81947 40857 77176 95368 73072 31294 95190 99671 77424 71659 26306 47496 27091 9095 94860 70699 34373 31050 56283 
981 286
93908 15550 53080 30215 26373 40417 38866 33892 45022 49191 53727 3294 23843 7937 92022 70474 29212 62384 87523 71307 92713 57217 71314 42575 9819 68461 16082 69091 10477 67152 5906 84551 52356 52734 11655 83039 6444 61142 8655 53236 17641 53221 55822 39268 54772 6380 10887 87490 33369 83420 20122 72792 50770 44123 73260 2937 18051 67312 7908 42411 97717 66915 52940 57404 95893 92527 32177 89820 69818 32129 9296 48713 2936 61414 91041 49789 44237 70381 91336 68301 91539 42246 72022 88695 53425 17420 22901 60628 47961 21761 40095 94192 13368 87822 88615 86203 57499 13507 82920 71381 44570 97182 54349 88400 48818 96733 18671 86850 26638 39702 70707 96601 79946 57544 47675 41422 71361 50699 61722 61424 47271 7737 16404 67335 45766 37179 2167 77412 49932 88342 80788 5866 64347 35307 78903 23414 61194 19121 43377 542 75236 24352 77787 11042 74530 4453 69088 47651 36340 61314 85989 10451 11324 55551 50493 75749 43919 33709 13895 29496 36053 48978 21842 59706 40037 42283 19946 24320 17163 2956 5139 48064 68049 70263 2838 48997 38063 21191 69080 55286 31349 39664 83482 29576 90975 46580 27297 77717 53928 23274 8482 81714 52083 17843 80374 91881 10773 68134 20785 7492 23051 31902 29347 62775 90577 58498 19104 63760 19024 94620 19140 26958 21030 301 88580 23504 10873 39760 34426 91044 11674 5762 26898 27930 89851 26796 168 89507 4372 78940 17665 68207 4490 99845 14921 71783 98335 688 52910 7725 96973 10407 22810 22224 32891 68053 44440 37327 21625 64965 71954 95412 33920 16108 6820 76181 12435 28908 7385 67503 13278 75492 33784 88072 50202 13605 12143 68870 75369 54644 38365 78162 35868 26150 45576 35484 60502 62269 92582 71430 13387 54102 43448 70303 5147 22888 
10 270
6100 88451 45531 576 42416 51502 31021 85654 96370 87189 8427 28920 43686 46376 15481 61714 84146 40921 89312 42793 78267 76430 15393 54106 25116 60920 40416 85747 30029 34993 95583 84316 25262 69427 44857 28921 12367 86896 74541 95392 39311 59708 79388 17202 16027 70381 57697 36378 50032 85304 30551 57287 99763 25617 20333 39921 58766 38181 73988 20422 10167 39327 72441 11034 73101 14911 85242 83449 24407 34244 12571 9087 85606 999 5675 30867 84300 56470 47077 62063 725 64399 45269 86294 81938 20172 55627 34299 43237 50120 6133 30388 95195 68921 28204 78903 46942 48460 93513 15233 10828 64589 34944 78842 37307 13326 54338 18732 93641 56941 87352 74469 45226 46615 30056 13134 25459 92120 47710 7318 77920 22566 31669 55825 24098 93354 15000 12953 73676 12129 71504 45988 42445 40126 76808 26365 37181 15043 36391 69080 4615 79570 14129 69463 42668 77717 45235 6953 30612 31350 78594 49479 20323 90969 82184 74119 4741 7745 86156 26319 48598 84242 9735 86370 76568 46702 6520 40324 62015 70825 81383 168 2296 9156 22431 59091 31629 3972 22745 33057 67412 18345 36546 49365 40743 72225 21832 27716 16703 86880 36403 5693 30688 32740 74115 59587 53072 60939 27121 31546 77223 99956 43302 22742 89342 9363 37524 93457 79926 82970 46711 39219 25963 37446 29249 70303 9989 89592 65059 15159 82662 18290 39445 63480 36905 67606 97309 72644 74933 57983 77069 6244 44294 23646 67417 18079 88671 47565 41449 7905 47856 15703 38095 62351 80657 95880 9504 29379 83125 12068 17268 50442 50281 4257 1120 7708 27934 91079 79211 17359 47629 36650 23021 14238 79827 19831 79850 12427 90872 50437 
976 122
51566 8768 8230 1529 74158 44641 84236 86717 20130 1035 31332 56285 92629 21924 82445 16138 42219 86755 17756 90241 7487 52426 58836 11674 48718 38159 33952 96284 10870 37975 83359 77641 84230 75353 98284 39602 30248 7452 29844 74659 12127 37770 41885 77200 10532 77225 2696 50321 85156 71843 96887 39483 12341 1434 85369 40322 51830 72626 38383 89497 65478 4002 47813 86635 42649 50822 88660 95107 48266 38726 98905 97528 75570 92507 38015 27061 24137 77700 33180 18532 50669 31517 23390 53430 10348 11152 38913 78647 21307 1456 44102 40282 33959 31134 60790 14035 44666 60290 52131 61600 24107 35892 56792 26930 8517 42263 4202 34063 58202 44352 6754 71705 71574 77109 18962 36800 25907 64029 72808 66788 40443 68680 
974 242
60467 95194 87719 71265 11226 52754 68571 27971 72627 37784 63078 28809 26863 4330 28634 15635 17367 92938 59263 43167 12844 78616 34659 34847 59257 13654 34712 67618 45142 19040 21344 57087 62457 48198 22182 77613 57530 28198 92003 4872 33170 93785 27465 17083 30902 35886 47984 48880 7016 19983 695 93102 91832 35781 36608 51390 70228 73521 88066 566 44572 88421 46379 45216 76203 61918 92577 51354 29363 21673 14309 62239 1774 90025 83663 26785 34464 49568 75584 88079 7993 39210 53984 62652 96036 18527 5195 88615 48366 53243 57452 698 23084 99120 92425 27164 74457 71832 28155 88400 19798 40005 4142 62472 38400 39848 56682 30584 82734 27606 57056 84300 4030 49258 32536 3171 56009 65760 80643 9421 42269 4459 56486 21325 40604 75193 4340 81778 7769 2589 21880 80750 50773 79854 60716 63644 27835 71181 69990 50784 24842 8984 20725 48750 926 20969 43866 36702 43084 22939 78347 42276 51567 91669 47119 7657 42212 27403 33371 14109 90689 82362 85272 31950 63297 69558 15868 69144 41615 16143 33030 90310 73715 98307 21928 66600 16752 86193 88394 93142 60878 45422 30666 83093 59863 47697 56903 87348 3272 39454 83621 58476 36980 52156 25924 83482 38339 68208 51988 27297 38405 19779 97183 25251 4219 76503 18780 75325 64524 98 33402 58790 24497 53101 36611 905 98865 65115 54067 97354 71951 51901 18839 32652 96558 4312 42539 27473 46263 25920 90238 86705 44660 5851 93445 31492 77197 36319 17729 14074 24816 17263 
13 2
27540 35977 
14 226
1968 2938 58155 98414 92468 51502 19019 43543 9458 55925 73444 24625 43779 74619 12177 26927 49576 97696 41030 95454 95458 63256 84153 49379 72065 23758 78629 18069 34797 47959 42288 72217 16841 7921 32644 22302 18857 20268 87879 65062 21286 1932 94230 81179 11990 73009 75463 54065 23233 90399 91814 10910 71146 86532 90912 61447 2625 9684 87647 35580 75088 42697 75947 83438 5453 31658 44847 85107 81065 7329 74402 70565 48305 51709 19350 47396 91467 79791 17597 8324 76609 4142 68409 10111 21066 7494 60846 94606 62804 16805 88025 56470 75879 41422 46011 27805 91649 28950 87652 62979 74436 66087 1920 3085 42305 67927 57773 14861 46980 46386 14198 51080 8134 76451 665 33114 30438 80308 28025 91002 83585 94416 94599 47721 18012 1643 7382 88598 11408 11120 84742 93754 92255 932 75711 76897 18161 23312 21603 87911 82916 69955 89729 27838 95501 13862 75399 48561 29953 6875 36494 47453 75207 82445 14234 3345 83139 53654 3531 47240 61989 20885 69252 23769 61250 43370 31206 73800 12209 95085 81158 3514 46881 84768 84072 18881 85613 6060 97984 2636 43241 21768 92913 79283 67345 64971 41117 96464 53499 19024 83430 10857 83418 5231 77024 63230 31409 17743 50766 2363 37632 34089 34426 11674 60998 88311 55883 63629 16565 81800 6108 3112 78510 31162 57127 85436 17850 26530 12848 55382 47387 26073 97442 93413 56561 94046 
973 222
50090 59336 74568 60758 42345 62728 74639 87330 90995 52563 55834 93979 43059 86964 5549 34160 25934 72136 35026 93252 43892 17641 67288 54253 54596 23731 8616 58364 38499 49202 59156 25186 38321 56394 34567 97132 64426 92464 37384 42361 76250 95021 22709 21502 24110 84521 40953 87815 25892 74402 56295 19043 84169 13507 71807 22593 22605 55610 8732 95102 57540 44533 15771 94570 13865 18583 83908 86715 71199 35071 45217 26997 35826 21569 18890 63824 73367 81627 64769 37392 40319 64628 92559 35002 96321 95928 85364 88688 40965 2956 29968 40158 27245 97239 1001 91892 52032 33893 90430 4381 8133 74029 51603 27918 67192 67345 13822 6803 65403 42764 36669 84393 79579 50567 16777 59757 87640 19402 24841 13410 65281 26796 98332 37846 57925 83146 14315 94631 31023 59096 23121 89564 86157 10284 87436 95995 2721 71296 77070 88740 63465 85687 64369 82608 13529 36741 45245 70315 2423 19339 29198 55417 78282 25210 46066 69916 87724 38035 74730 33382 3668 98695 80416 16395 65945 97812 91549 68922 65861 39207 89718 85137 70782 32624 51996 53896 36758 81178 79905 12666 52000 96548 29232 19126 55704 32100 26724 90753 13253 7946 14056 87678 13190 17426 22015 49332 82926 40387 3618 63530 71824 93995 58429 90780 82641 48123 3366 5202 76531 59696 15592 50437 90506 62364 85395 80169 91460 69791 32455 42953 11338 89992 
972 220
77091 8296 64661 9545 60255 9712 17177 37503 87891 70278 81449 81419 19927 874 82336 84951 76912 86454 8272 67656 87323 9157 30135 64859 10165 54094 45423 28256 42865 20671 26952 27410 72161 82319 89547 63183 63754 73411 17694 74329 78177 1460 52664 79767 86809 34605 85765 5868 15618 84636 38210 83537 41343 89348 26301 2760 16187 72792 35686 93825 48894 29799 24558 36875 81310 57404 38646 89839 62306 6338 61940 36087 48625 29563 3323 30973 55922 70503 97809 80911 82683 98838 84088 26881 26770 36378 43589 57653 82086 74850 64601 65574 72425 56665 98959 48305 89352 78969 32870 95128 9714 20422 22440 57681 24636 32302 3698 10019 81265 57529 91126 98230 3985 26638 36553 21694 64714 14787 90944 86946 83929 7074 11707 87397 32429 97920 2405 78329 35053 52268 19173 72034 13500 79371 71592 59140 85691 17582 60768 91929 99396 94115 12093 18240 83635 93939 14322 45116 94054 61576 62812 94369 43344 49241 88430 36742 68724 94982 19930 11531 14032 7413 69283 49712 42150 45361 34312 49738 96339 12475 99142 18161 29691 38049 16967 27642 41225 8181 94490 65729 60402 53875 95510 91567 2372 85841 503 72245 87015 81987 23730 49022 94677 18703 46293 64391 48936 74640 60954 6663 32734 54201 28507 91956 4227 13119 27184 31350 97392 20902 24313 4440 52658 83745 55023 55038 49309 35570 7606 91276 
17 208
45257 1075 66431 40628 9494 54346 58179 12761 57031 2883 68736 97155 21039 43542 64471 1375 92422 13368 23586 40771 42214 17022 44202 69785 1208 49423 93812 82436 89017 55693 79528 29555 48986 56261 23031 41957 32998 1676 38975 838 74398 76206 24725 72047 25555 7099 16466 6462 66474 69844 40695 66744 13807 58614 20101 16313 48497 60650 8856 77078 26856 61109 80649 4490 8434 34249 69707 80808 35595 42969 43758 95172 88110 64074 45815 86766 63203 6625 99972 64630 18524 42473 28504 22596 97369 98799 86571 89776 90720 80226 8923 9711 43839 57262 87846 66108 40099 28770 95859 94141 51414 15212 45392 7743 34977 78454 63255 59233 85888 24724 18883 53958 72784 42387 38879 20111 94158 78596 87428 88033 46116 87792 13322 4974 24612 51143 21772 83220 29925 90044 32380 11596 25367 26097 73846 56608 68226 21641 35503 84283 602 48275 30762 36109 97204 94971 30239 19144 62907 49851 18025 17536 73534 56353 51340 45956 48175 61126 65942 25223 92816 13041 21007 21272 95623 91946 40780 69430 64259 35411 98775 99491 18906 13287 54453 12725 31762 30193 58810 69965 63271 59288 69295 21609 53834 41044 86323 41308 87135 7985 44791 81937 28225 37637 88155 34900 34915 19125 43222 79981 95571 48214 4170 96489 2110 24675 99689 93184 
18 188
91656 65553 99743 61192 50977 80708 72008 43167 93222 9063 96879 42993 82885 64859 37514 64923 70596 65893 23826 58089 72043 22694 7009 56714 27307 39250 82652 83966 78218 34185 61666 10619 45206 85811 44156 76327 12079 57191 75502 33960 21127 73935 6527 3985 26961 23676 15202 41023 76964 26323 68664 69748 96793 61492 94175 45887 18293 13098 71946 69670 34443 16862 33717 73823 6173 88777 47118 33325 57864 90274 43401 14954 63304 26225 56179 29138 31182 47721 40425 4901 29113 57361 82373 69242 85923 28176 76668 42825 6762 36744 33141 95510 4437 47697 63944 42237 19431 96762 11404 78466 84545 5770 84571 50126 658 22756 3418 39108 67920 79560 69599 15763 42396 71205 31166 94775 88846 64212 93791 45096 48023 10540 87500 40324 16924 32055 71056 46832 27639 89851 57852 3895 20465 31268 17462 94241 48867 64905 63764 33890 202 40871 44328 25482 64739 22000 16557 75875 37195 36403 95798 4856 32702 12435 90390 31165 56296 24171 52094 4121 98401 41358 49609 49194 48015 9347 59095 68058 72418 5147 77529 47122 87013 37535 51739 92918 23558 33913 45342 55372 54693 87001 8752 66799 20930 31028 9926 30091 
970 186
23967 99601 37804 28313 65226 83498 48963 24625 68593 92459 85151 84726 87738 2354 73605 11897 32283 28232 65853 6902 82447 44327 41199 12367 3678 74129 59327 94818 84795 1972 64132 39709 27413 48625 26907 79847 99585 43696 20663 38681 20339 81348 15032 11532 90552 97346 49341 99120 91957 7659 60263 19536 82023 59541 53804 34772 27589 96779 21443 94870 39328 69829 3892 90358 39813 12057 38457 24436 28204 18293 12409 56867 15063 90486 13766 80831 1637 20687 68444 42536 49257 31142 57789 64628 85570 17849 5728 21645 86353 35815 64245 15220 12947 11555 61513 85272 86304 3109 67203 16596 82234 75399 27976 11723 71709 82300 16491 28082 19656 75910 19164 31503 81064 90591 98086 94734 1792 96044 93171 1770 68016 54332 89690 91881 33566 36590 31031 58790 99540 71205 39809 61917 82446 23308 58992 30269 22179 10462 42743 21363 43904 35169 44 97791 6199 79742 71917 73237 29687 63036 85901 24816 64833 13464 70528 3115 74773 22223 23935 18495 25609 47442 61451 60776 46904 88191 76945 87210 50210 95412 23929 96146 97603 20734 84613 12114 77939 61696 90160 37975 35097 22735 96861 79281 53044 83072 
969 184
5239 68656 22707 6670 11613 14403 68039 50289 5376 38866 70490 19296 9484 11148 22816 42356 15796 53628 81570 59156 13483 26907 14880 27725 19746 72024 65773 79968 67377 88640 32130 62333 6962 13815 41807 53186 41404 29328 6845 48320 80076 90148 66952 77860 16495 19727 73901 76388 21402 15710 64038 22436 2761 56950 67799 24415 77481 2135 75341 15434 62164 43391 5338 20502 34658 38054 28961 25252 6950 3849 41740 77385 93133 31858 31707 39838 19855 38258 28061 22038 48618 71194 54860 42985 42527 45320 69127 18910 50128 40692 71042 53944 49536 64202 74611 41360 57302 41909 97316 37963 91230 826 20036 62783 91558 82782 56904 61434 76616 30558 98334 26107 62232 10507 90205 96203 87636 2721 62190 96738 14648 6147 22427 73967 21714 72487 52019 58791 45566 77820 64159 67566 62247 14216 16392 34782 66679 96886 6524 50013 21730 26042 5241 96183 7264 79047 48353 71243 81413 52329 22469 70194 99025 86013 10863 2822 33985 61720 40801 87401 13385 37153 58329 83481 66710 87888 3188 40378 72625 81259 7513 86135 55206 20212 33806 98008 91359 27824 86640 56576 45883 67926 87827 81791 
21 180
6246 81491 33763 63175 27488 90995 88989 1710 63215 66247 8796 23791 79214 78154 70596 77613 81066 34691 92674 59896 26677 11193 74854 46222 90824 93343 71370 20207 92999 11337 50730 37701 90943 43956 26496 45592 4416 96417 87838 20824 1169 81065 80252 59691 77218 77979 66387 52028 10676 34129 15604 39702 76219 46939 92168 49258 83485 2742 9592 92058 5006 55831 17236 21280 94069 29237 50460 69990 93796 76677 92742 81896 17053 99692 77397 22307 49916 41394 77537 80326 66644 12136 39325 36135 46246 40890 2720 83832 83318 97738 52359 21223 76606 29104 82344 10263 68085 22343 24365 41346 13321 7574 47558 4219 68562 23317 8107 62828 54054 23655 91218 23396 30644 80597 62922 27585 30487 47930 6117 34089 63615 73730 30855 18135 63938 44596 3337 33049 8747 2051 62839 61863 67299 59246 81319 12369 42165 37688 10624 29198 4058 31548 20251 60502 7501 83672 13390 1547 65951 82199 23915 57915 48205 922 77201 28138 51209 22090 39541 84149 53154 62329 30104 31974 40922 4919 31083 60909 22216 11258 93353 72811 14935 55621 47030 759 69847 58086 59720 90015 
967 162
21178 72788 32206 62710 76722 1787 14230 59710 85038 86603 35136 69096 69355 27515 37818 9846 13201 42802 30227 85023 66779 6302 22895 54596 11856 51200 59266 31177 47031 27010 79605 13483 60943 5844 69083 28815 93374 22026 1196 27513 42229 30051 47714 23084 16771 90971 4382 24495 98110 66432 73866 63921 56340 40507 26088 4540 8598 97521 75318 38606 10855 41436 24509 2605 62656 93991 40026 37908 40586 55302 54821 44797 43888 7641 82449 4696 67607 27866 81016 23088 4855 14570 58611 27976 83391 89023 39672 37630 46361 20571 86655 47236 12818 14129 51882 63801 34714 66049 45135 33930 55028 65971 64946 28349 65913 11837 84702 66659 68295 35169 50574 37365 85908 2443 65033 73237 74613 4821 19736 28266 96666 1451 84591 806 99490 57318 62078 53757 19735 92362 49903 27105 88184 57502 64428 57812 63736 52173 74424 98118 5661 3014 61119 73412 19315 71239 74474 70797 57735 35611 4367 21701 79711 37770 75228 73493 52263 87702 13587 15644 26532 17101 
964 142
22131 56785 13284 25525 30100 30453 48241 3483 12157 81491 49334 91950 86520 86350 36278 19296 24202 71242 54016 19849 58399 10165 52762 10086 62088 68461 17685 5549 79274 96578 59319 45802 93056 80737 39722 71993 25939 56441 84636 27465 73582 59356 79747 19035 68494 90251 9685 25634 67820 75976 73709 56119 34498 6338 68383 14880 53885 27438 71830 86106 28141 6590 75256 20663 96993 58573 62760 12712 51364 73042 87169 39013 92931 2369 88990 10892 70214 73649 29074 63085 97518 87336 94967 36218 45603 90177 87451 14917 21127 76355 987 5683 96772 79791 10183 42373 24877 38218 46741 46895 70551 12688 13289 10096 67745 49708 32724 98744 76662 82734 97403 14787 26326 28684 6916 71940 96569 61323 42914 21170 54562 58824 25237 60773 47636 16628 20459 13500 58655 97342 15943 44927 621 21372 96938 33585 46291 25611 94814 89628 58856 79181 
24 122
53086 64216 65966 12157 15241 37544 30426 93518 11379 67476 44118 34659 41440 66529 91770 41466 44512 48168 52861 57530 80884 77008 86479 74083 85961 44116 47828 40796 61671 69326 41805 1460 50717 10246 49464 26035 46500 5424 35663 34227 19917 54536 63420 20526 57054 57421 24468 97311 61403 11396 99663 36853 26277 18389 57363 1209 58704 99585 46611 68383 53962 10675 34763 79726 53686 52964 59034 50425 74054 64677 60675 78069 37966 53984 26771 58035 2620 92422 21668 94370 36376 23374 84825 73409 31907 19517 74106 18706 25894 11034 25373 34878 58569 58000 69166 78064 76560 89272 10479 5467 77713 58869 58326 22717 16276 89341 88361 83546 15633 27805 36138 85196 40047 21325 82340 74458 92145 11800 74271 71689 46768 49410 
963 114
32920 84623 54892 5239 54730 53641 29937 43218 95273 6090 12840 7875 67585 37082 75812 12166 12266 88657 20165 46097 38328 67649 91952 45423 92338 70499 72941 82319 43215 42289 61808 41062 8463 78177 56841 31912 35608 19801 21219 6573 56467 47373 98867 3189 77479 9685 60282 45886 89144 14187 12547 94247 8784 68736 83780 7714 18297 4660 92435 99228 69680 53597 77783 98838 66818 29501 25715 65172 27383 83292 11537 62191 90619 56732 185 61572 71008 8988 8359 25845 13193 3102 86261 82106 21737 47757 93736 76208 28654 48545 33619 65891 25491 92773 91859 16578 33547 21700 41391 47345 49496 69546 60075 73664 97422 88792 24596 68139 67181 56824 95830 21325 6047 71868 
959 112
4894 16566 65599 21589 36263 15966 77254 47976 95920 43218 29447 23063 2425 25066 10002 45667 1029 48168 31818 28263 21537 47881 88017 93466 98568 38506 62455 6493 84881 63342 41621 78032 6378 68897 10766 11772 15785 75976 80571 17495 22514 77958 73826 97989 47291 42589 25751 65773 42653 50961 19138 75623 57027 30288 83841 34123 5089 44395 93118 98402 75834 42838 53698 89634 26477 6062 94944 78378 1053 6448 98563 12262 63014 36465 42299 60981 23252 27604 98173 41957 62951 7692 83 58894 23633 48742 94619 22322 40717 85526 37937 27309 90592 65761 50213 63753 82724 69747 59961 32312 36441 33639 55817 63318 47502 20049 45311 82445 72967 45130 52666 94695 
27 110
48688 11962 40689 9444 72891 40628 11489 18210 99850 2425 61488 55834 5837 60881 13614 58487 48201 6556 87437 52942 31041 1387 95971 72794 63945 71449 15275 53221 60194 19912 66789 21533 14915 65100 8551 71562 20142 89356 3037 99898 6790 52098 47310 50730 15517 36395 83355 51399 1477 23675 12091 39425 18349 61839 80607 3036 47708 62938 96061 52648 41375 75837 73124 20729 99182 27164 70204 35985 38818 25093 54093 41306 58666 41023 50588 57639 36513 80795 33805 59904 71199 15063 75257 85359 63955 20137 57566 87012 24246 26179 37604 43105 20955 42488 54030 7413 64910 98908 93708 64352 52939 80367 94534 86971 55397 82916 93798 32580 91082 75826 
28 92
94988 3247 97677 54977 89912 29589 18920 50221 2400 18683 71187 82336 30264 8932 29901 16770 65789 17594 24411 97963 92264 92459 64667 50268 46587 30515 46499 86964 85889 72902 43862 87780 21500 13201 84312 20486 30750 81330 7734 17584 29042 44903 99507 956 41067 47959 69324 50307 75419 44455 40733 23815 44211 64697 96444 91492 48660 29888 92839 58542 71675 2300 24905 52613 97254 4492 20067 38361 25581 93801 82835 76986 93225 92099 60730 69448 77704 39064 41598 14453 70751 71654 13678 2974 72410 35580 22546 86920 14444 21568 17244 65445 
958 86
74501 3902 25471 8715 61754 10016 84417 61488 37800 58487 61516 40757 25936 26542 35840 97809 95470 97989 89808 21148 48141 10293 91447 61531 67101 84300 74605 93297 33823 56470 2815 97422 23989 73522 64069 23031 85387 56780 29173 25495 14026 11555 60616 8139 55844 41512 61775 68417 35333 54004 35522 43284 53318 39664 86722 62794 21567 61457 86611 47850 62340 33604 96490 39220 70517 34919 75933 64744 76665 58004 266 44596 80245 98072 38263 32075 11888 62018 46851 7741 44302 68177 18996 78100 66745 17550 
957 72
28452 56685 56232 37784 64252 48109 47628 80009 33003 51534 95842 73556 72305 42674 42114 19364 87954 99422 71168 14543 44936 36051 84330 52005 75792 66122 65939 48366 34841 30321 84172 99182 34354 30584 78370 63707 54127 90944 89482 96569 65747 74386 9360 66663 89940 78903 59689 47877 86677 86972 63733 45591 89136 68724 4414 83501 70473 1808 30157 14000 98270 85173 54192 16466 31190 6426 66023 41558 93154 2838 39707 57213 
31 66
48614 42871 84387 49970 72377 9712 54174 32206 8279 17689 45106 77231 68293 96263 43896 76474 67827 43305 96574 27096 40671 62738 32030 28842 59371 7206 4564 76002 23038 95392 4283 51582 97170 88695 45368 41167 80747 51788 67839 91671 85263 39668 17427 54769 54291 16212 75142 30112 64861 77412 68992 3927 41733 11319 91281 5465 93273 20673 56782 13326 50247 6993 38425 2072 94723 86083 
32 62
50311 84623 30094 74031 28638 46499 53781 13621 85411 89805 55932 74624 35495 52102 86473 91126 45394 40315 33623 15943 10661 88279 24047 58363 92837 95726 25900 58108 90386 45812 12820 86275 26396 86271 58596 32000 10024 39543 94847 87268 73981 29198 98532 58181 17047 68538 4046 77228 51795 1485 58462 29124 15095 27826 4383 72183 54186 24996 82110 45291 70910 11614 
33 54
8608 27073 24606 12405 27785 30964 1667 81419 99583 39007 74466 37500 52338 97919 60906 79483 60949 45142 94172 2789 48933 62477 59098 73556 47747 87833 18116 42774 77422 57751 73678 18857 4918 73543 90171 33564 65713 38361 64756 19530 17510 23233 46213 58013 77056 45721 61212 10950 46085 79203 86995 1537 26694 77762 
952 52
20834 67080 99864 60467 52540 45257 20324 31021 55663 65232 80613 16087 85057 94985 4021 92713 40724 51565 51486 24656 38372 77542 2426 38562 8022 96224 35942 58148 93085 54772 77252 96444 29812 57751 75847 95583 85197 49870 52577 59229 70126 11990 4916 79847 23548 15871 74158 2974 57635 87169 29513 72024 
35 44
91112 49970 42403 80315 62469 42865 31696 72305 19912 1972 44833 53825 19130 50071 32176 19119 68376 47182 14827 14954 66343 75236 74035 24428 62415 69441 97960 44867 73247 39298 4642 95597 40740 10893 22156 88650 33482 25809 11038 98788 72948 82826 40463 12098 
951 24
33939 99960 73120 69942 15611 77705 85615 91152 85087 68501 55833 62728 67585 67656 4977 19465 95528 90929 2422 80100 54478 90287 91115 71306 
37 22
50583 25835 66008 35364 91657 28313 65469 50289 79063 74031 16246 31615 45039 74466 49396 56514 63931 69225 64920 47408 90508 87943 
950 18
88670 49970 68750 56232 29457 44957 57479 74908 10219 3992 20286 45077 65521 13576 2230 62469 21997 65949 
946 6
69364 50583 20221 9081 49918 87189 
944 4
24606 37804 5153 18210 
